5.962261
14.61768
6.420497
2.662343
29.73226
0.8993264
12.00167
21.11723
14.38028
4.267555
7.175084
7.412132
11.6845
8.514392
4.968489
1.826624
11.02563
6.549441
4.11263
0.7875308
2.632183
13.47269
28.80821
11.89287
8.372519
16.57397
13.85146
10.59376
7.710256
9.454731
10.54908
17.26023
32.07598
1.293047
11.66097
35.88344
25.62791
0.5617976
2.42175
1.477231
2.092103
1.412704
1.626967
1.015228
1.345334
1.062917
1.146533
1.1623
0.6489908
1.312199
8.962114
29.58194
23.86727
6.959032
28.06337
11.97741
6.330139
2.279627
10.55073
9.266016
10.59658
18.11207
3.822648
4.585887
8.202025
5.000006
13.60988
9.945621
15.64297
5.911386
29.55295
1.428831
10.47119
1.765684
8.377974
12.92894
1.797861
18.24989
22.72855
12.43462
6.980886
6.546922
17.5303
34.88176
20.28613
3.464189
5.765764
4.161153
5.303779
5.112057
5.424893
13.3908
4.525639
0.6164013
1.213499
4.9594
3.011546
7.780953
14.76389
21.55449
9.284958
3.91591
35.64124
30.16538
31.6324
9.774407
2.490104
8.224265
6.444429
0.6350237
5.876939
12.44821
2.309863
